
########################################PART 1
#The first part of this script must be run from Pico where all the files are present
#to create the table from which the heatmap will be created
# optionally you can donwload all the bed files and do it from your Desktop pc
#/cineca/prod/applications/r/3.2.2/gnu--4.8.3/bin/R

#COMMON VARIABLES
suffix = "baserecal_precalread_exonsnoncov"


#####VARIABLES SEPCIFIC FOR ANALYSIS
analtype = "trio"
gen_cov_suffix = "baserecal_precalread_Agilent_SureSelect_CRE_v2_UCSC_coding_exons.bed"
#panel = paste(analysisname,"final_gene_list",sep=".")
#CREv1
analyses <- c('UD_GE001','UD_GE002','UD_GE003','UD_GE004','UD_GE005','UD_GE006','UD_GE007','UD_GE008','UD_GE009','UD_GE010','UD_GE011','UD_GE012','UD_GE013','UD_GE015','UD_GE016','UD_GE017','UD_GE018','UD_GE019','UD_GE020','UD_GE021','UD_GE022','UD_GE023','UD_GE024','UD_GE025','UD_GE026','UD_GE027','UD_GE029','UD_GE030','UD_GE031','UD_GE032','UD_GE033','UD_GE034','UD_GE035','UD_GE036','UD_GE046','UD_MO002','UD_MO006','UD_MO008','UD_MO009','UD_MO015','UD_MO016','UD_MO017','UD_MO018','UD_MO019','UD_MO020','UD_MO021','UD_MO024','UD_MO027','UD_MO029','UD_MO030','UD_MO032','UD_MO033','UD_MO035','UD_MO036','UD_MO037','UD_MO038','UD_MO039','UD_MO040','UD_MO041','UD_MO043','UD_MO045','UD_MO046','UD_MO049','UD_MO050','UD_MO051','UD_MO055','UD_MO058','UD_MO062','UD_MO063','UD_MO068','UD_MO2016','UD_NA001','UD_NA002','UD_NA003','UD_NA004','UD_NA005','UD_NA008','UD_NA010','UD_NA012','UD_NA013','UD_NA014','UD_NA017','UD_NA018','UD_NA021','UD_NA022','UD_NA025','UD_NA026','UD_NA027','UD_NA028','UD_NA029','UD_NA030','UD_NA033','UD_NA036','UD_NA039','UD_NA040','UD_NA043','UD_NA045','UD_NA047','UD_NA050','UD_NA053','UD_NA054','UD_NA056','UD_NA057','UD_NA058','UD_NA059','UD_RM004','UD_RM005','UD_RM008','UD_RM013','UD_RM015','UD_RM1001','UD_RM1002','UD_RM1004','UD_RM1005','UD_RM1010','UD_RM1012','UD_RM1013','UD_RM1014','UD_RM1017','UD_RM1018','UD_RM1020','UD_RM1021','UD_X4111','UD_ZO002','UD_ZOL001','UD_ZOL004','UD_ZOL005','UD_ZOL008','UD_ZOL009','UD_ZOL010','UD_ZOL011','UD_ZOL012','UD_ZOL013','UD_ZOL014','UD_ZOL015')
#CREv2
analyses <- c('UD_BES001','UD_BES003','UD_BES004','UD_BES005','UD_BES006','UD_BES008','UD_BES010','UD_BES013','UD_BES014','UD_BES015','UD_BES016','UD_BES017','UD_BES018','UD_BES020','UD_BES021','UD_BES022','UD_BES023','UD_BES024','UD_BES026','UD_BES027','UD_BES028','UD_BES030','UD_GE039','UD_GE040','UD_GE041','UD_GE042','UD_GE043','UD_GE044','UD_GE045','UD_GE047','UD_GE050','UD_GE051','UD_GE052','UD_GE053','UD_GE054','UD_GE057','UD_GE058','UD_GE059','UD_GE060','UD_GE061','UD_GE062','UD_GE063','UD_GE064','UD_GE070','UD_GE071','UD_ME007','UD_ME010','UD_ME012','UD_MI002','UD_MO022','UD_MO031','UD_MO044','UD_MO048','UD_MO052','UD_MO053','UD_MO057','UD_MO059','UD_MO060','UD_MO061','UD_MO064','UD_MO065','UD_MO066','UD_MO069','UD_MO070','UD_MO072','UD_MO073','UD_MO074','UD_MO075','UD_MO076','UD_MO077','UD_MO078','UD_MO079','UD_MO080','UD_MO081','UD_MO082','UD_MO083','UD_MO084','UD_MO085','UD_MO086','UD_MO087','UD_MO089','UD_MO090','UD_MO091','UD_MO092','UD_MO093','UD_MO094','UD_MO095','UD_MO096','UD_MO097','UD_MO098','UD_MO099','UD_MO101','UD_MO103','UD_MO104','UD_MO105','UD_MO106','UD_MO107','UD_MO108','UD_MO109','UD_MO110','UD_MO111','UD_MO115','UD_MO117','UD_MO119','UD_MO122','UD_NA035','UD_NA041','UD_NA046','UD_NA048','UD_NA055','UD_NA062','UD_NA063','UD_NA064','UD_NA065','UD_NA066','UD_NA068','UD_NA069','UD_NA070','UD_NA071','UD_NA072','UD_NA074','UD_NA075','UD_NA076','UD_NA077','UD_NA078','UD_NA079','UD_NA081','UD_NA082','UD_NA083','UD_NA085','UD_NA087','UD_NA088','UD_NA089','UD_NA090','UD_NA091','UD_NA092','UD_NA095','UD_NA097','UD_NA098','UD_NA099','UD_NA100','UD_NA101','UD_NA102','UD_NA103','UD_NA104','UD_NA105','UD_NA106','UD_NA107','UD_NA108','UD_NA110','UD_NA111','UD_NA112','UD_OA003','UD_OA006','UD_OA007','UD_OA012','UD_RM1006','UD_RM1007','UD_RM1015','UD_RM1016','UD_RM1023','UD_RM1024','UD_RM1027','UD_RM1029','UD_RM1030','UD_RM1032','UD_RM1033','UD_RM1036','UD_RM1037','UD_RM1041','UD_RM1043','UD_RM1044','UD_RM1047','UD_ZOL018','UD_ZOL024','UD_ZOL025','UD_ZOL029')


#Mendeliomi Banfi
analtype = "single"
gen_cov_suffix="baserecal_precalread_Agilent_ClearSeq_inherited_diseases_exons_UCSC.bed"
panel = "Retinopathy"	
candpanel = "RetinopathyCAND"
analyses <- c('SB_ID_A174','SB_ID_A237','SB_ID_A354','SB_ID_A356','SB_ID_A358','SB_ID_A359','SB_ID_A362','SB_ID_A364','SB_ID_A375','SB_ID_A376','SB_ID_A377','SB_ID_A387','SB_ID_A391','SB_ID_A393_P1','SB_ID_A393_P2','SB_ID_A404_P1','SB_ID_A404_P2','SB_ID_A408','SB_ID_A414','SB_ID_A415','SB_ID_A416','SB_ID_A420','SB_ID_A423','SB_ID_A425','SB_ID_A427','SB_ID_A433','SB_ID_A434','SB_ID_A436','SB_ID_A437','SB_ID_A439_M','SB_ID_A439_P','SB_ID_A440','SB_ID_A443','SB_ID_A444','SB_ID_A445','SB_ID_A446','SB_ID_A447','SB_ID_A448','SB_ID_A449','SB_ID_A451','SB_ID_A452_rip','SB_ID_A453','SB_ID_A454','SB_ID_A456','SB_ID_A458_P','SB_ID_A459_F','SB_ID_A460','SB_ID_A474','SB_ID_A482_P','SB_ID_A483_M','SB_ID_A486','SB_ID_A498','SB_ID_A499_P','SB_ID_A501_F','SB_ID_A502','SB_ID_A509','SB_ID_A520','SB_ID_A523','SB_ID_A550','SB_ID_A551','SB_ID_A552','SB_ID_A553','SB_ID_A560','SB_ID_A561','SB_ID_A562','SB_ID_A563','SB_ID_A564','SB_ID_A566_P','SB_ID_A567_F','SB_ID_A572_F','SB_ID_A572_P','SB_ID_A590','SB_ID_A591','SB_ID_A592','SB_ID_A593','SB_ID_A612','SB_ID_A614_M','SB_ID_A614_P','SB_ID_A615_P1','SB_ID_A615_P2','SB_ID_A617','SB_ID_A621','SB_ID_A622','SB_ID_A623','SB_ID_A624','SB_ID_A625','SB_ID_A626','SB_ID_A646','SB_ID_A647','SB_ID_A654','SB_ID_A661','SB_ID_A665','SB_ID_A669','SB_ID_A688','SB_ID_A725','SB_ID_A737','SB_ID_A739','SB_ID_A740','SB_ID_A743','SB_ID_A744','SB_ID_A747','SB_ID_A748','SB_ID_A752','SB_ID_A753','SB_ID_A757','SB_ID_A785','SB_ID_A788','SB_ID_A791','SB_ID_A792','SB_ID_A793','SB_ID_A794','SB_ID_A795','SB_ID_A846','SB_ID_A855','SB_ID_A860','SB_ID_A864','SB_ID_A902','SB_ID_A914','SB_ID_A922','SB_ID_A928','SB_ID_A934','SB_ID_A954','SB_ID_A955','SB_ID_A956','SB_ID_A958','SB_ID_A964','SB_ID_A966','SB_ID_A976','SB_ID_ARRP133','SB_ID_ARRP158','SB_ID_ARRP162','SB_ID_ARRP165','SB_ID_ARRP182','SB_ID_USH197')

#CCP Banfi mancano 'SB_CCP_A862',SB_CCP_1998-17,'SB_CCP_A945',
gen_cov_suffix="baserecal_precalread_Agilent_SureSelect_CCP_v1_exons_UCSC.bed"
analyses <- c('SB_CCP_1998-17','SB_CCP_A211','SB_CCP_A286','SB_CCP_A301','SB_CCP_A555','SB_CCP_A559','SB_CCP_A587','SB_CCP_A603','SB_CCP_A639','SB_CCP_A666','SB_CCP_A681','SB_CCP_A704','SB_CCP_A852','SB_CCP_A918','SB_CCP_A929','SB_CCP_A937','SB_CCP_A951','SB_CCP_A959','SB_CCP_X5185','SB_CCP_X5186','SB_CCP_X5187','SB_CCP_X5188','SB_CCP_X5410_P','SB_CCP_X5410_F','SB_CCP_X5410_M','SB_CCP_X5452','SB_CCP_X5457','SB_CCP_X5672','VN_CCP_X4925','VN_CCP_X5023','VN_CCP_X5024','VN_CCP_X5094','VN_CCP_X5095','VN_CCP_X5096','VN_CCP_X5097','VN_CCP_X5098','VN_CCP_X5099','VN_CCP_X5100','VN_CCP_X5107','VN_CCP_X5157','VN_CCP_X5159','VN_CCP_X5160','VN_CCP_X5161','VN_CCP_X5168','VN_CCP_X5169','VN_CCP_X5170','VN_CCP_X5318')

#CREv1 missing: ,'SB_ClinExome_A292'
gen_cov_suffix="baserecal_precalread_Agilent_SureSelect_CRE_v1_exons_UCSC.bed"

analyses <- c('SB_A217','SB_A234','SB_A252','SB_A254','SB_A268','SB_A290','SB_A313','SB_A314','SB_A325','SB_A327','SB_A389_P','SB_A390','SB_A392','SB_ARRP129','SB_ClinExome_A314','SB_ClinExome_A337','SB_ClinExome_A348','SB_ClinExome_A368','SB_ClinExome_A374','SB_ClinExome_A395','SB_WE_S4100_F','SB_WE_S4100_M','SB_WE_S4100_P1','SB_WE_S4100_P2')

#Nigro 
#ID
gen_cov_suffix = "baserecal_precalread_Agilent_ClearSeq_inherited_diseases_exons_UCSC.bed"
#trios
analtype = "trio"
panel = paste(analysisname,"final_gene_list",sep=".")
